1396813424	BTCUSDT	30382.43	0.00043	2022-06-09 07:45:00	0
1396813425	BTCUSDT	30382.43	0.00057	2022-06-09 07:45:00	0
1396813426	BTCUSDT	30382.42	0.00135	2022-06-09 07:45:00	1
1396813427	BTCUSDT	30382.42	0.00058	2022-06-09 07:45:00	1
1396813428	BTCUSDT	30382.43	0.00087	2022-06-09 07:45:00	0
1396813429	BTCUSDT	30382.43	0.00050	2022-06-09 07:45:00	0
1396813430	BTCUSDT	30382.42	0.00045	2022-06-09 07:45:00	1
1396813431	BTCUSDT	30382.42	0.00079	2022-06-09 07:45:00	1
1396813432	BTCUSDT	30382.42	0.00073	2022-06-09 07:45:00	1
1396813433	BTCUSDT	30382.42	0.00071	2022-06-09 07:45:00	1
1396813434	BTCUSDT	30382.43	0.00060	2022-06-09 07:45:00	0
1396813435	BTCUSDT	30382.43	0.00052	2022-06-09 07:45:00	0
1396813436	BTCUSDT	30382.43	0.00072	2022-06-09 07:45:00	0
1396813437	BTCUSDT	30382.43	0.00053	2022-06-09 07:45:00	0
1396813438	BTCUSDT	30382.43	0.00079	2022-06-09 07:45:00	0
1396813439	BTCUSDT	30382.43	0.00082	2022-06-09 07:45:00	0
1396813440	BTCUSDT	30382.43	0.00081	2022-06-09 07:45:00	0
1396813441	BTCUSDT	30382.42	0.00156	2022-06-09 07:45:00	1
1396813442	BTCUSDT	30382.42	0.00115	2022-06-09 07:45:00	1
1396813443	BTCUSDT	30382.42	0.00193	2022-06-09 07:45:00	1
1396813444	BTCUSDT	30382.42	0.00205	2022-06-09 07:45:00	1
1396813445	BTCUSDT	30382.42	0.00126	2022-06-09 07:45:00	1
1396813446	BTCUSDT	30382.42	0.00066	2022-06-09 07:45:00	1
1396813447	BTCUSDT	30382.42	0.00091	2022-06-09 07:45:00	1
1396813448	BTCUSDT	30382.42	0.00055	2022-06-09 07:45:00	1
1396813449	BTCUSDT	30382.42	0.00038	2022-06-09 07:45:00	1
1396813450	BTCUSDT	30382.42	0.00041	2022-06-09 07:45:00	1
1396813451	BTCUSDT	30382.42	0.00260	2022-06-09 07:45:00	1
1396813452	BTCUSDT	30382.42	0.00083	2022-06-09 07:45:00	1
1396813453	BTCUSDT	30382.42	0.00083	2022-06-09 07:45:00	1
1396813454	BTCUSDT	30382.42	0.00083	2022-06-09 07:45:00	1
1396813455	BTCUSDT	30382.42	0.00083	2022-06-09 07:45:00	1
1396813456	BTCUSDT	30382.42	0.00083	2022-06-09 07:45:00	1
1396813457	BTCUSDT	30382.42	0.00119	2022-06-09 07:45:00	1
1396813458	BTCUSDT	30382.43	0.00020	2022-06-09 07:45:01	0
1396813459	BTCUSDT	30382.43	0.00330	2022-06-09 07:45:01	0
1396813460	BTCUSDT	30382.42	0.05275	2022-06-09 07:45:01	1
1396813461	BTCUSDT	30382.42	0.00066	2022-06-09 07:45:02	1
1396813462	BTCUSDT	30382.42	0.00260	2022-06-09 07:45:02	1
1396813463	BTCUSDT	30382.42	0.00262	2022-06-09 07:45:02	1
1396813464	BTCUSDT	30382.42	0.00419	2022-06-09 07:45:02	1
1396813465	BTCUSDT	30382.42	0.00050	2022-06-09 07:45:02	1
1396813466	BTCUSDT	30382.42	0.00869	2022-06-09 07:45:02	1
1396813467	BTCUSDT	30382.42	0.00832	2022-06-09 07:45:02	1
1396813468	BTCUSDT	30382.42	0.00050	2022-06-09 07:45:02	1
1396813469	BTCUSDT	30382.41	0.00152	2022-06-09 07:45:02	1
1396813470	BTCUSDT	30382.41	0.00148	2022-06-09 07:45:02	1
1396813471	BTCUSDT	30382.39	0.01000	2022-06-09 07:45:02	1
1396813472	BTCUSDT	30382.20	0.00072	2022-06-09 07:45:02	1
1396813473	BTCUSDT	30381.62	0.00300	2022-06-09 07:45:02	1
1396813474	BTCUSDT	30381.57	0.00300	2022-06-09 07:45:02	1
1396813475	BTCUSDT	30381.36	0.10489	2022-06-09 07:45:02	1
1396813476	BTCUSDT	30381.34	0.01002	2022-06-09 07:45:02	1
1396813477	BTCUSDT	30381.34	0.02597	2022-06-09 07:45:02	1
1396813478	BTCUSDT	30381.34	0.01002	2022-06-09 07:45:02	1
1396813479	BTCUSDT	30380.62	0.00300	2022-06-09 07:45:02	1
1396813480	BTCUSDT	30380.62	0.03699	2022-06-09 07:45:02	1
1396813481	BTCUSDT	30380.57	0.00300	2022-06-09 07:45:02	1
1396813482	BTCUSDT	30379.62	0.00300	2022-06-09 07:45:02	1
1396813483	BTCUSDT	30379.57	0.00300	2022-06-09 07:45:02	1
1396813484	BTCUSDT	30378.96	0.00161	2022-06-09 07:45:02	1
1396813485	BTCUSDT	30378.62	0.00300	2022-06-09 07:45:02	1
1396813486	BTCUSDT	30378.57	0.00300	2022-06-09 07:45:02	1
1396813487	BTCUSDT	30378.23	0.00260	2022-06-09 07:45:02	1
1396813488	BTCUSDT	30378.23	0.00266	2022-06-09 07:45:02	1
1396813489	BTCUSDT	30378.00	0.00061	2022-06-09 07:45:02	1
1396813490	BTCUSDT	30377.66	0.00527	2022-06-09 07:45:02	1
1396813491	BTCUSDT	30377.67	0.01416	2022-06-09 07:45:02	0
1396813492	BTCUSDT	30377.67	0.01226	2022-06-09 07:45:02	0
1396813493	BTCUSDT	30377.66	0.00036	2022-06-09 07:45:02	1
1396813494	BTCUSDT	30377.66	0.00036	2022-06-09 07:45:02	1
1396813495	BTCUSDT	30377.66	0.02700	2022-06-09 07:45:02	1
1396813496	BTCUSDT	30377.66	0.02269	2022-06-09 07:45:02	1
1396813497	BTCUSDT	30377.67	0.00316	2022-06-09 07:45:02	0
1396813498	BTCUSDT	30377.67	0.00141	2022-06-09 07:45:02	0
1396813499	BTCUSDT	30377.67	0.00120	2022-06-09 07:45:02	0
1396813500	BTCUSDT	30377.67	0.00120	2022-06-09 07:45:02	0
1396813501	BTCUSDT	30377.67	0.00120	2022-06-09 07:45:02	0
1396813502	BTCUSDT	30377.67	0.00120	2022-06-09 07:45:02	0
1396813503	BTCUSDT	30377.66	0.00352	2022-06-09 07:45:02	1
1396813504	BTCUSDT	30377.67	0.00120	2022-06-09 07:45:03	0
1396813505	BTCUSDT	30377.67	0.00120	2022-06-09 07:45:03	0
1396813506	BTCUSDT	30377.67	0.00120	2022-06-09 07:45:03	0
1396813507	BTCUSDT	30377.67	0.02651	2022-06-09 07:45:03	0
1396813508	BTCUSDT	30377.67	0.00798	2022-06-09 07:45:03	0
1396813509	BTCUSDT	30377.67	0.02646	2022-06-09 07:45:03	0
1396813510	BTCUSDT	30377.66	0.02348	2022-06-09 07:45:03	1
1396813511	BTCUSDT	30377.66	0.01600	2022-06-09 07:45:03	1
1396813512	BTCUSDT	30377.66	0.10286	2022-06-09 07:45:03	1
1396813513	BTCUSDT	30377.66	0.00638	2022-06-09 07:45:03	1
1396813514	BTCUSDT	30377.66	0.03384	2022-06-09 07:45:03	1
1396813515	BTCUSDT	30377.66	0.00124	2022-06-09 07:45:04	1
1396813516	BTCUSDT	30377.67	0.00046	2022-06-09 07:45:04	0
1396813517	BTCUSDT	30377.66	0.00292	2022-06-09 07:45:05	1
1396813518	BTCUSDT	30377.66	0.00292	2022-06-09 07:45:05	1
1396813519	BTCUSDT	30377.67	0.19156	2022-06-09 07:45:05	0
1396813520	BTCUSDT	30377.67	0.09783	2022-06-09 07:45:05	0
1396813521	BTCUSDT	30377.67	0.09000	2022-06-09 07:45:05	0
1396813522	BTCUSDT	30377.67	0.06432	2022-06-09 07:45:05	0
1396813523	BTCUSDT	30377.67	0.09784	2022-06-09 07:45:05	0
1396813524	BTCUSDT	30377.67	0.04000	2022-06-09 07:45:05	0
1396813525	BTCUSDT	30377.67	0.25000	2022-06-09 07:45:05	0
1396813526	BTCUSDT	30377.67	0.09026	2022-06-09 07:45:05	0
1396813527	BTCUSDT	30377.67	0.08178	2022-06-09 07:45:05	0
1396813528	BTCUSDT	30377.67	0.00156	2022-06-09 07:45:05	0
1396813529	BTCUSDT	30377.67	0.02909	2022-06-09 07:45:06	0
1396813530	BTCUSDT	30377.67	0.00860	2022-06-09 07:45:06	0
1396813531	BTCUSDT	30377.66	0.05444	2022-06-09 07:45:07	1
1396813532	BTCUSDT	30377.67	0.00050	2022-06-09 07:45:08	0
1396813533	BTCUSDT	30377.67	0.00238	2022-06-09 07:45:09	0
1396813534	BTCUSDT	30377.66	0.00143	2022-06-09 07:45:10	1
1396813535	BTCUSDT	30377.66	0.05924	2022-06-09 07:45:10	1
1396813536	BTCUSDT	30377.67	0.00102	2022-06-09 07:45:10	0
1396813537	BTCUSDT	30377.66	0.01109	2022-06-09 07:45:10	1
1396813538	BTCUSDT	30377.67	0.00117	2022-06-09 07:45:11	0
1396813539	BTCUSDT	30377.67	0.00052	2022-06-09 07:45:11	0
1396813540	BTCUSDT	30377.67	0.00155	2022-06-09 07:45:11	0
1396813541	BTCUSDT	30377.66	0.00792	2022-06-09 07:45:11	1
1396813542	BTCUSDT	30377.66	0.01427	2022-06-09 07:45:12	1
1396813543	BTCUSDT	30377.66	0.01316	2022-06-09 07:45:12	1
1396813544	BTCUSDT	30377.66	0.00162	2022-06-09 07:45:12	1
1396813545	BTCUSDT	30377.66	0.00666	2022-06-09 07:45:12	1
1396813546	BTCUSDT	30377.66	0.00779	2022-06-09 07:45:13	1
1396813547	BTCUSDT	30377.67	0.00388	2022-06-09 07:45:13	0
1396813548	BTCUSDT	30377.67	0.01604	2022-06-09 07:45:13	0
1396813549	BTCUSDT	30377.67	0.00034	2022-06-09 07:45:14	0
1396813550	BTCUSDT	30377.66	0.05000	2022-06-09 07:45:14	1
1396813551	BTCUSDT	30377.67	0.01618	2022-06-09 07:45:14	0
1396813552	BTCUSDT	30377.66	0.10913	2022-06-09 07:45:15	1
1396813553	BTCUSDT	30377.66	0.04937	2022-06-09 07:45:17	1
1396813554	BTCUSDT	30377.66	0.03098	2022-06-09 07:45:17	1
1396813555	BTCUSDT	30377.67	0.00155	2022-06-09 07:45:17	0
1396813556	BTCUSDT	30377.66	0.17586	2022-06-09 07:45:17	1
1396813557	BTCUSDT	30377.67	0.00099	2022-06-09 07:45:18	0
1396813558	BTCUSDT	30377.67	0.00959	2022-06-09 07:45:18	0
1396813559	BTCUSDT	30377.67	0.00326	2022-06-09 07:45:18	0
1396813560	BTCUSDT	30377.67	0.00633	2022-06-09 07:45:18	0
1396813561	BTCUSDT	30377.67	0.00124	2022-06-09 07:45:18	0
1396813562	BTCUSDT	30377.67	0.00451	2022-06-09 07:45:19	0
1396813563	BTCUSDT	30377.66	0.00989	2022-06-09 07:45:19	1
1396813564	BTCUSDT	30377.67	0.00443	2022-06-09 07:45:19	0
1396813565	BTCUSDT	30377.66	0.10390	2022-06-09 07:45:19	1
1396813566	BTCUSDT	30377.66	0.00170	2022-06-09 07:45:20	1
1396813567	BTCUSDT	30377.66	0.14327	2022-06-09 07:45:20	1
1396813568	BTCUSDT	30377.66	0.01600	2022-06-09 07:45:20	1
1396813569	BTCUSDT	30377.66	0.00042	2022-06-09 07:45:20	1
1396813570	BTCUSDT	30377.66	0.00510	2022-06-09 07:45:20	1
1396813571	BTCUSDT	30377.66	0.02424	2022-06-09 07:45:20	1
1396813572	BTCUSDT	30377.64	0.00121	2022-06-09 07:45:20	1
1396813573	BTCUSDT	30377.64	0.03815	2022-06-09 07:45:20	1
1396813574	BTCUSDT	30377.57	0.01672	2022-06-09 07:45:20	1
1396813575	BTCUSDT	30377.57	0.01628	2022-06-09 07:45:20	1
1396813576	BTCUSDT	30377.45	0.00684	2022-06-09 07:45:20	1
1396813577	BTCUSDT	30377.43	0.01000	2022-06-09 07:45:20	1
1396813578	BTCUSDT	30377.34	0.23508	2022-06-09 07:45:20	1
1396813579	BTCUSDT	30377.34	0.90537	2022-06-09 07:45:20	1
1396813580	BTCUSDT	30376.64	0.00300	2022-06-09 07:45:20	1
1396813581	BTCUSDT	30376.57	0.01147	2022-06-09 07:45:20	1
1396813582	BTCUSDT	30376.47	0.00600	2022-06-09 07:45:20	1
1396813583	BTCUSDT	30376.21	0.00300	2022-06-09 07:45:20	1
1396813584	BTCUSDT	30376.10	0.00037	2022-06-09 07:45:20	1
1396813585	BTCUSDT	30376.08	0.01120	2022-06-09 07:45:20	1
1396813586	BTCUSDT	30375.36	0.00300	2022-06-09 07:45:20	1
1396813587	BTCUSDT	30375.30	0.51030	2022-06-09 07:45:20	1
1396813588	BTCUSDT	30375.21	0.00181	2022-06-09 07:45:20	1
1396813589	BTCUSDT	30375.07	0.00600	2022-06-09 07:45:20	1
1396813590	BTCUSDT	30375.03	0.02414	2022-06-09 07:45:20	1
1396813591	BTCUSDT	30375.00	0.00321	2022-06-09 07:45:20	1
1396813592	BTCUSDT	30375.00	0.03183	2022-06-09 07:45:20	1
1396813593	BTCUSDT	30375.00	0.00321	2022-06-09 07:45:20	1
1396813594	BTCUSDT	30374.50	0.00300	2022-06-09 07:45:20	1
1396813595	BTCUSDT	30374.08	0.00300	2022-06-09 07:45:20	1
1396813596	BTCUSDT	30374.00	0.00033	2022-06-09 07:45:20	1
1396813597	BTCUSDT	30373.94	0.01900	2022-06-09 07:45:20	1
1396813598	BTCUSDT	30373.94	0.06600	2022-06-09 07:45:20	1
1396813599	BTCUSDT	30373.94	0.05400	2022-06-09 07:45:20	1
1396813600	BTCUSDT	30373.94	1.69431	2022-06-09 07:45:20	1
1396813601	BTCUSDT	30373.95	0.00082	2022-06-09 07:45:20	0
1396813602	BTCUSDT	30373.67	0.00600	2022-06-09 07:45:20	1
1396813603	BTCUSDT	30373.60	0.00434	2022-06-09 07:45:20	1
1396813604	BTCUSDT	30373.59	0.00358	2022-06-09 07:45:20	1
1396813605	BTCUSDT	30373.57	0.00100	2022-06-09 07:45:20	1
1396813606	BTCUSDT	30372.80	0.00300	2022-06-09 07:45:20	1
1396813607	BTCUSDT	30372.79	0.00300	2022-06-09 07:45:20	1
1396813608	BTCUSDT	30372.27	0.00600	2022-06-09 07:45:20	1
1396813609	BTCUSDT	30372.12	0.00197	2022-06-09 07:45:20	1
1396813610	BTCUSDT	30372.07	0.01011	2022-06-09 07:45:20	1
1396813611	BTCUSDT	30372.07	0.00988	2022-06-09 07:45:21	1
1396813612	BTCUSDT	30372.07	0.00600	2022-06-09 07:45:21	1
1396813613	BTCUSDT	30372.07	0.03300	2022-06-09 07:45:21	1
1396813614	BTCUSDT	30372.07	0.00988	2022-06-09 07:45:22	1
1396813615	BTCUSDT	30372.07	0.01115	2022-06-09 07:45:22	1
1396813616	BTCUSDT	30372.08	0.00129	2022-06-09 07:45:23	0
1396813617	BTCUSDT	30372.07	0.00408	2022-06-09 07:45:23	1
1396813618	BTCUSDT	30372.08	0.00155	2022-06-09 07:45:23	0
1396813619	BTCUSDT	30372.08	0.00137	2022-06-09 07:45:24	0
1396813620	BTCUSDT	30372.07	0.00343	2022-06-09 07:45:25	1
1396813621	BTCUSDT	30372.08	0.00795	2022-06-09 07:45:25	0
1396813622	BTCUSDT	30372.08	0.00795	2022-06-09 07:45:25	0
1396813623	BTCUSDT	30372.08	0.00602	2022-06-09 07:45:25	0
1396813624	BTCUSDT	30372.07	0.00105	2022-06-09 07:45:25	1
1396813625	BTCUSDT	30372.08	0.00099	2022-06-09 07:45:25	0
1396813626	BTCUSDT	30372.08	0.00330	2022-06-09 07:45:27	0
1396813627	BTCUSDT	30372.08	0.07261	2022-06-09 07:45:27	0
1396813628	BTCUSDT	30372.08	0.29452	2022-06-09 07:45:27	0
1396813629	BTCUSDT	30372.08	0.25973	2022-06-09 07:45:28	0
1396813630	BTCUSDT	30372.07	0.00100	2022-06-09 07:45:28	1
1396813631	BTCUSDT	30372.08	0.00156	2022-06-09 07:45:29	0
1396813632	BTCUSDT	30372.07	0.00661	2022-06-09 07:45:29	1
1396813633	BTCUSDT	30372.07	0.00661	2022-06-09 07:45:30	1
1396813634	BTCUSDT	30372.07	0.02073	2022-06-09 07:45:32	1
1396813635	BTCUSDT	30372.08	0.00701	2022-06-09 07:45:32	0
1396813636	BTCUSDT	30372.08	0.07629	2022-06-09 07:45:32	0
1396813637	BTCUSDT	30372.08	0.08153	2022-06-09 07:45:32	0
1396813638	BTCUSDT	30372.08	0.03500	2022-06-09 07:45:32	0
1396813639	BTCUSDT	30372.08	0.03750	2022-06-09 07:45:32	0
1396813640	BTCUSDT	30372.08	0.09893	2022-06-09 07:45:32	0
1396813641	BTCUSDT	30372.08	0.00051	2022-06-09 07:45:32	0
1396813642	BTCUSDT	30372.07	0.00700	2022-06-09 07:45:32	1
1396813643	BTCUSDT	30372.07	0.00170	2022-06-09 07:45:33	1
1396813644	BTCUSDT	30372.07	0.01647	2022-06-09 07:45:33	1
1396813645	BTCUSDT	30372.07	0.07074	2022-06-09 07:45:34	1
1396813646	BTCUSDT	30372.07	0.00823	2022-06-09 07:45:34	1
1396813647	BTCUSDT	30372.07	0.00115	2022-06-09 07:45:35	1
1396813648	BTCUSDT	30372.07	0.00411	2022-06-09 07:45:35	1
1396813649	BTCUSDT	30372.07	0.01534	2022-06-09 07:45:35	1
1396813650	BTCUSDT	30372.08	0.00155	2022-06-09 07:45:35	0
1396813651	BTCUSDT	30372.07	0.00921	2022-06-09 07:45:36	1
1396813652	BTCUSDT	30372.07	0.00127	2022-06-09 07:45:38	1
1396813653	BTCUSDT	30372.08	0.15678	2022-06-09 07:45:39	0
1396813654	BTCUSDT	30372.07	0.01900	2022-06-09 07:45:39	1
1396813655	BTCUSDT	30372.07	0.06600	2022-06-09 07:45:39	1
1396813656	BTCUSDT	30372.07	0.03300	2022-06-09 07:45:39	1
1396813657	BTCUSDT	30372.07	0.05400	2022-06-09 07:45:39	1
1396813658	BTCUSDT	30372.08	0.01330	2022-06-09 07:45:40	0
1396813659	BTCUSDT	30372.08	0.00155	2022-06-09 07:45:41	0
1396813660	BTCUSDT	30372.08	0.00088	2022-06-09 07:45:42	0
1396813661	BTCUSDT	30372.08	0.00327	2022-06-09 07:45:42	0
1396813662	BTCUSDT	30372.07	0.00063	2022-06-09 07:45:43	1
1396813663	BTCUSDT	30372.07	0.00132	2022-06-09 07:45:43	1
1396813664	BTCUSDT	30372.08	0.00182	2022-06-09 07:45:43	0
1396813665	BTCUSDT	30372.08	0.25000	2022-06-09 07:45:44	0
1396813666	BTCUSDT	30372.08	0.22141	2022-06-09 07:45:44	0
1396813667	BTCUSDT	30372.08	0.29842	2022-06-09 07:45:44	0
1396813668	BTCUSDT	30372.08	0.65485	2022-06-09 07:45:44	0
1396813669	BTCUSDT	30372.08	0.59515	2022-06-09 07:45:44	0
1396813670	BTCUSDT	30372.08	0.05134	2022-06-09 07:45:44	0
1396813671	BTCUSDT	30372.08	0.01370	2022-06-09 07:45:44	0
1396813672	BTCUSDT	30372.08	0.43697	2022-06-09 07:45:44	0
1396813673	BTCUSDT	30372.08	0.23981	2022-06-09 07:45:44	0
1396813674	BTCUSDT	30372.08	0.43083	2022-06-09 07:45:44	0
1396813675	BTCUSDT	30372.08	0.42147	2022-06-09 07:45:44	0
1396813676	BTCUSDT	30372.08	0.08112	2022-06-09 07:45:44	0
1396813677	BTCUSDT	30372.08	0.00756	2022-06-09 07:45:44	0
1396813678	BTCUSDT	30372.08	0.51247	2022-06-09 07:45:44	0
1396813679	BTCUSDT	30372.08	0.09000	2022-06-09 07:45:44	0
1396813680	BTCUSDT	30372.08	0.00100	2022-06-09 07:45:44	0
1396813681	BTCUSDT	30372.08	0.16477	2022-06-09 07:45:44	0
1396813682	BTCUSDT	30372.08	0.60000	2022-06-09 07:45:44	0
1396813683	BTCUSDT	30372.08	0.06748	2022-06-09 07:45:44	0
1396813684	BTCUSDT	30372.08	0.00051	2022-06-09 07:45:44	0
1396813685	BTCUSDT	30372.08	0.08299	2022-06-09 07:45:44	0
1396813686	BTCUSDT	30372.08	0.00260	2022-06-09 07:45:44	0
1396813687	BTCUSDT	30372.08	0.00164	2022-06-09 07:45:44	0
1396813688	BTCUSDT	30372.08	0.02907	2022-06-09 07:45:44	0
1396813689	BTCUSDT	30372.08	0.16464	2022-06-09 07:45:44	0
1396813690	BTCUSDT	30372.08	0.53027	2022-06-09 07:45:44	0
1396813691	BTCUSDT	30372.08	0.23513	2022-06-09 07:45:44	0
1396813692	BTCUSDT	30372.08	0.00226	2022-06-09 07:45:44	0
1396813693	BTCUSDT	30372.08	0.00216	2022-06-09 07:45:44	0
1396813694	BTCUSDT	30372.08	0.01045	2022-06-09 07:45:44	0
1396813695	BTCUSDT	30372.08	0.01261	2022-06-09 07:45:44	0
1396813696	BTCUSDT	30372.08	0.00588	2022-06-09 07:45:44	0
1396813697	BTCUSDT	30372.09	0.29842	2022-06-09 07:45:44	0
1396813698	BTCUSDT	30372.09	0.00970	2022-06-09 07:45:44	0
1396813699	BTCUSDT	30372.11	0.00100	2022-06-09 07:45:44	0
1396813700	BTCUSDT	30372.12	0.00181	2022-06-09 07:45:44	0
1396813701	BTCUSDT	30372.18	0.15763	2022-06-09 07:45:44	0
1396813702	BTCUSDT	30372.18	0.17191	2022-06-09 07:45:44	0
1396813703	BTCUSDT	30372.19	0.00223	2022-06-09 07:45:44	0
1396813704	BTCUSDT	30373.15	0.00450	2022-06-09 07:45:44	0
1396813705	BTCUSDT	30373.16	0.32953	2022-06-09 07:45:44	0
1396813706	BTCUSDT	30373.20	0.00150	2022-06-09 07:45:44	0
1396813707	BTCUSDT	30373.20	0.01000	2022-06-09 07:45:44	0
1396813708	BTCUSDT	30373.21	0.00300	2022-06-09 07:45:44	0
1396813709	BTCUSDT	30373.27	0.00300	2022-06-09 07:45:44	0
1396813710	BTCUSDT	30373.60	0.06590	2022-06-09 07:45:44	0
1396813711	BTCUSDT	30373.60	0.06432	2022-06-09 07:45:44	0
1396813712	BTCUSDT	30373.61	0.06432	2022-06-09 07:45:44	0
1396813713	BTCUSDT	30373.61	0.23290	2022-06-09 07:45:44	0
1396813714	BTCUSDT	30372.13	0.05252	2022-06-09 07:45:44	0
1396813715	BTCUSDT	30373.61	0.27948	2022-06-09 07:45:44	0
1396813716	BTCUSDT	30374.09	0.09865	2022-06-09 07:45:44	0
1396813717	BTCUSDT	30374.10	0.32950	2022-06-09 07:45:44	0
1396813718	BTCUSDT	30374.20	0.02000	2022-06-09 07:45:44	0
1396813719	BTCUSDT	30374.34	0.01000	2022-06-09 07:45:44	0
1396813720	BTCUSDT	30374.34	0.03550	2022-06-09 07:45:44	0
1396813721	BTCUSDT	30374.34	0.00450	2022-06-09 07:45:44	0
1396813722	BTCUSDT	30374.41	0.00450	2022-06-09 07:45:44	0
1396813723	BTCUSDT	30374.41	0.00450	2022-06-09 07:45:44	0
1396813724	BTCUSDT	30374.41	0.03550	2022-06-09 07:45:44	0
1396813725	BTCUSDT	30374.41	0.00886	2022-06-09 07:45:44	0
1396813726	BTCUSDT	30374.41	0.00564	2022-06-09 07:45:44	0
1396813727	BTCUSDT	30374.41	0.01336	2022-06-09 07:45:44	0
1396813728	BTCUSDT	30374.41	0.02437	2022-06-09 07:45:44	0
1396813729	BTCUSDT	30374.41	0.00069	2022-06-09 07:45:44	0
1396813730	BTCUSDT	30374.41	0.00036	2022-06-09 07:45:44	0
1396813731	BTCUSDT	30374.41	0.07000	2022-06-09 07:45:44	0
1396813732	BTCUSDT	30374.41	0.01994	2022-06-09 07:45:44	0
1396813733	BTCUSDT	30374.41	0.03006	2022-06-09 07:45:44	0
1396813734	BTCUSDT	30374.54	0.00300	2022-06-09 07:45:44	0
1396813735	BTCUSDT	30374.60	0.00150	2022-06-09 07:45:44	0
1396813736	BTCUSDT	30374.60	0.01000	2022-06-09 07:45:44	0
1396813737	BTCUSDT	30374.67	0.00300	2022-06-09 07:45:44	0
1396813738	BTCUSDT	30375.02	0.32949	2022-06-09 07:45:44	0
1396813739	BTCUSDT	30374.54	0.00036	2022-06-09 07:45:44	0
1396813740	BTCUSDT	30374.54	0.03401	2022-06-09 07:45:44	0
1396813741	BTCUSDT	30374.54	0.05500	2022-06-09 07:45:44	0
1396813742	BTCUSDT	30374.54	0.07500	2022-06-09 07:45:44	0
1396813743	BTCUSDT	30374.54	0.05000	2022-06-09 07:45:44	0
1396813744	BTCUSDT	30375.15	0.01000	2022-06-09 07:45:44	0
1396813745	BTCUSDT	30375.67	0.00450	2022-06-09 07:45:44	0
1396813746	BTCUSDT	30375.87	0.00300	2022-06-09 07:45:44	0
1396813747	BTCUSDT	30376.00	0.00150	2022-06-09 07:45:44	0
1396813748	BTCUSDT	30376.00	0.01000	2022-06-09 07:45:44	0
1396813749	BTCUSDT	30376.07	0.00300	2022-06-09 07:45:44	0
1396813750	BTCUSDT	30376.23	0.00060	2022-06-09 07:45:44	1
1396813751	BTCUSDT	30376.23	0.00317	2022-06-09 07:45:44	1
1396813752	BTCUSDT	30376.24	0.00036	2022-06-09 07:45:44	0
1396813753	BTCUSDT	30376.24	0.15964	2022-06-09 07:45:44	0
1396813754	BTCUSDT	30376.24	0.12529	2022-06-09 07:45:44	0
1396813755	BTCUSDT	30376.23	0.03355	2022-06-09 07:45:44	1
1396813756	BTCUSDT	30376.24	0.07496	2022-06-09 07:45:44	0
1396813757	BTCUSDT	30376.24	0.00764	2022-06-09 07:45:45	0
1396813758	BTCUSDT	30376.24	0.07036	2022-06-09 07:45:46	0
1396813759	BTCUSDT	30376.24	0.16000	2022-06-09 07:45:46	0
1396813760	BTCUSDT	30376.24	0.06964	2022-06-09 07:45:46	0
1396813761	BTCUSDT	30376.24	0.00185	2022-06-09 07:45:46	0
1396813762	BTCUSDT	30376.24	0.08851	2022-06-09 07:45:46	0
1396813763	BTCUSDT	30376.23	0.00147	2022-06-09 07:45:46	1
1396813764	BTCUSDT	30376.24	0.00635	2022-06-09 07:45:47	0
1396813765	BTCUSDT	30376.24	0.00156	2022-06-09 07:45:47	0
1396813766	BTCUSDT	30376.24	0.25000	2022-06-09 07:45:48	0
1396813767	BTCUSDT	30376.24	0.15617	2022-06-09 07:45:48	0
1396813768	BTCUSDT	30377.67	0.00099	2022-06-09 07:45:48	0
1396813769	BTCUSDT	30377.67	0.00266	2022-06-09 07:45:48	0
1396813770	BTCUSDT	30377.67	0.00065	2022-06-09 07:45:48	0
1396813771	BTCUSDT	30379.04	0.00855	2022-06-09 07:45:48	0
1396813772	BTCUSDT	30379.04	0.00036	2022-06-09 07:45:48	0
1396813773	BTCUSDT	30379.04	0.00036	2022-06-09 07:45:48	0
1396813774	BTCUSDT	30379.04	0.00036	2022-06-09 07:45:48	0
1396813775	BTCUSDT	30379.04	0.00036	2022-06-09 07:45:48	0
1396813776	BTCUSDT	30379.04	0.00855	2022-06-09 07:45:48	0
1396813777	BTCUSDT	30379.04	0.04144	2022-06-09 07:45:48	0
1396813778	BTCUSDT	30379.04	0.01533	2022-06-09 07:45:48	0
1396813779	BTCUSDT	30379.04	0.02466	2022-06-09 07:45:48	0
1396813780	BTCUSDT	30379.04	0.00036	2022-06-09 07:45:48	0
1396813781	BTCUSDT	30379.04	0.01497	2022-06-09 07:45:48	0
1396813782	BTCUSDT	30379.04	0.03883	2022-06-09 07:45:48	0
1396813783	BTCUSDT	30379.04	0.01116	2022-06-09 07:45:48	0
1396813784	BTCUSDT	30379.04	0.03883	2022-06-09 07:45:48	0
1396813785	BTCUSDT	30379.04	0.00759	2022-06-09 07:45:48	0
1396813786	BTCUSDT	30379.62	0.60000	2022-06-09 07:45:48	0
1396813787	BTCUSDT	30381.08	0.31250	2022-06-09 07:45:48	0
1396813788	BTCUSDT	30381.08	0.34678	2022-06-09 07:45:48	0
1396813789	BTCUSDT	30381.08	0.78872	2022-06-09 07:45:48	0
1396813790	BTCUSDT	30381.08	0.01080	2022-06-09 07:45:48	0
1396813791	BTCUSDT	30381.08	0.00036	2022-06-09 07:45:48	0
1396813792	BTCUSDT	30381.08	0.00036	2022-06-09 07:45:48	0
1396813793	BTCUSDT	30381.19	0.07634	2022-06-09 07:45:48	0
1396813794	BTCUSDT	30381.19	0.25297	2022-06-09 07:45:48	0
1396813795	BTCUSDT	30381.20	0.00540	2022-06-09 07:45:48	0
1396813796	BTCUSDT	30382.43	0.00266	2022-06-09 07:45:48	0
1396813797	BTCUSDT	30382.43	0.00058	2022-06-09 07:45:48	0
1396813798	BTCUSDT	30382.43	0.01472	2022-06-09 07:45:48	0
1396813799	BTCUSDT	30382.43	0.00246	2022-06-09 07:45:48	0
1396813800	BTCUSDT	30382.43	0.00255	2022-06-09 07:45:48	0
1396813801	BTCUSDT	30382.43	0.02476	2022-06-09 07:45:48	0
1396813802	BTCUSDT	30382.43	0.00362	2022-06-09 07:45:48	0
1396813803	BTCUSDT	30382.52	0.01710	2022-06-09 07:45:48	0
1396813804	BTCUSDT	30382.52	0.00519	2022-06-09 07:45:48	0
1396813805	BTCUSDT	30382.52	0.01146	2022-06-09 07:45:48	0
1396813806	BTCUSDT	30382.88	0.00165	2022-06-09 07:45:48	0
1396813807	BTCUSDT	30382.94	0.02229	2022-06-09 07:45:48	0
1396813808	BTCUSDT	30382.93	0.07602	2022-06-09 07:45:48	1
1396813809	BTCUSDT	30382.93	0.00077	2022-06-09 07:45:48	1
1396813810	BTCUSDT	30382.94	0.05409	2022-06-09 07:45:49	0
1396813811	BTCUSDT	30382.94	0.00451	2022-06-09 07:45:49	0
1396813812	BTCUSDT	30382.94	0.02100	2022-06-09 07:45:49	0
1396813813	BTCUSDT	30382.94	0.00590	2022-06-09 07:45:49	0
1396813814	BTCUSDT	30382.94	0.00738	2022-06-09 07:45:49	0
1396813815	BTCUSDT	30382.94	0.01172	2022-06-09 07:45:49	0
1396813816	BTCUSDT	30382.93	0.00086	2022-06-09 07:45:50	1
1396813817	BTCUSDT	30382.94	0.01686	2022-06-09 07:45:50	0
1396813818	BTCUSDT	30382.95	0.00099	2022-06-09 07:45:50	0
1396813819	BTCUSDT	30382.95	0.00252	2022-06-09 07:45:50	0
1396813820	BTCUSDT	30382.96	0.00152	2022-06-09 07:45:50	0
1396813821	BTCUSDT	30382.96	0.00148	2022-06-09 07:45:50	0
1396813822	BTCUSDT	30382.96	0.01783	2022-06-09 07:45:50	0
1396813823	BTCUSDT	30383.00	0.00799	2022-06-09 07:45:50	0
1396813824	BTCUSDT	30383.48	0.01000	2022-06-09 07:45:50	0
1396813825	BTCUSDT	30383.96	0.01252	2022-06-09 07:45:50	0
1396813826	BTCUSDT	30383.96	0.00743	2022-06-09 07:45:50	0
1396813827	BTCUSDT	30383.96	0.00033	2022-06-09 07:45:50	0
1396813828	BTCUSDT	30383.97	0.00167	2022-06-09 07:45:50	0
1396813829	BTCUSDT	30383.97	0.01316	2022-06-09 07:45:50	0
1396813830	BTCUSDT	30383.97	0.00039	2022-06-09 07:45:50	0
1396813831	BTCUSDT	30384.00	0.00742	2022-06-09 07:45:50	0
1396813832	BTCUSDT	30384.00	0.00040	2022-06-09 07:45:50	0
1396813833	BTCUSDT	30385.38	0.03007	2022-06-09 07:45:50	0
1396813834	BTCUSDT	30387.00	0.01112	2022-06-09 07:45:50	0
1396813835	BTCUSDT	30387.00	0.00223	2022-06-09 07:45:50	0
1396813836	BTCUSDT	30387.06	0.01069	2022-06-09 07:45:50	0
1396813837	BTCUSDT	30387.06	0.03290	2022-06-09 07:45:50	0
1396813838	BTCUSDT	30387.06	0.00266	2022-06-09 07:45:50	0
1396813839	BTCUSDT	30387.14	0.00154	2022-06-09 07:45:50	0
1396813840	BTCUSDT	30387.14	0.01290	2022-06-09 07:45:50	0
1396813841	BTCUSDT	30387.20	0.00612	2022-06-09 07:45:50	0
1396813842	BTCUSDT	30387.42	0.00527	2022-06-09 07:45:50	0
1396813843	BTCUSDT	30387.71	0.00095	2022-06-09 07:45:50	0
1396813844	BTCUSDT	30388.02	0.00267	2022-06-09 07:45:50	0
1396813845	BTCUSDT	30388.03	0.00999	2022-06-09 07:45:50	0
1396813846	BTCUSDT	30388.03	0.01419	2022-06-09 07:45:50	0
1396813847	BTCUSDT	30388.06	0.00068	2022-06-09 07:45:50	0
1396813848	BTCUSDT	30388.56	0.00613	2022-06-09 07:45:50	0
1396813849	BTCUSDT	30388.56	0.00500	2022-06-09 07:45:50	0
1396813850	BTCUSDT	30388.56	0.00756	2022-06-09 07:45:50	0
1396813851	BTCUSDT	30389.04	0.02144	2022-06-09 07:45:50	0
1396813852	BTCUSDT	30389.04	0.02100	2022-06-09 07:45:50	0
1396813853	BTCUSDT	30389.04	0.03200	2022-06-09 07:45:50	0
1396813854	BTCUSDT	30389.04	0.01800	2022-06-09 07:45:50	0
1396813855	BTCUSDT	30389.04	0.00500	2022-06-09 07:45:50	0
1396813856	BTCUSDT	30389.03	0.00472	2022-06-09 07:45:50	1
1396813857	BTCUSDT	30390.00	0.00329	2022-06-09 07:45:50	0
1396813858	BTCUSDT	30390.00	0.00988	2022-06-09 07:45:50	0
1396813859	BTCUSDT	30390.00	0.01087	2022-06-09 07:45:50	0
1396813860	BTCUSDT	30389.99	0.01680	2022-06-09 07:45:50	1
1396813861	BTCUSDT	30389.99	0.06140	2022-06-09 07:45:51	1
1396813862	BTCUSDT	30389.99	0.06327	2022-06-09 07:45:51	1
1396813863	BTCUSDT	30390.00	0.00744	2022-06-09 07:45:51	0
1396813864	BTCUSDT	30390.00	0.01624	2022-06-09 07:45:51	0
1396813865	BTCUSDT	30390.00	0.00795	2022-06-09 07:45:51	0
1396813866	BTCUSDT	30390.00	0.01997	2022-06-09 07:45:51	0
1396813867	BTCUSDT	30390.03	0.01600	2022-06-09 07:45:51	0
1396813868	BTCUSDT	30390.20	0.00432	2022-06-09 07:45:51	0
1396813869	BTCUSDT	30390.22	0.00076	2022-06-09 07:45:51	0
1396813870	BTCUSDT	30390.30	0.16462	2022-06-09 07:45:51	0
1396813871	BTCUSDT	30391.20	0.03012	2022-06-09 07:45:52	0
1396813872	BTCUSDT	30391.20	0.03012	2022-06-09 07:45:52	0
1396813873	BTCUSDT	30391.20	0.03012	2022-06-09 07:45:52	0
1396813874	BTCUSDT	30391.20	0.03012	2022-06-09 07:45:52	0
1396813875	BTCUSDT	30391.20	0.03012	2022-06-09 07:45:52	0
1396813876	BTCUSDT	30391.20	0.01600	2022-06-09 07:45:52	0
1396813877	BTCUSDT	30391.20	0.00144	2022-06-09 07:45:52	0
1396813878	BTCUSDT	30391.21	0.00570	2022-06-09 07:45:52	0
1396813879	BTCUSDT	30391.21	0.03012	2022-06-09 07:45:52	0
1396813880	BTCUSDT	30391.21	0.00407	2022-06-09 07:45:52	0
1396813881	BTCUSDT	30391.21	0.00342	2022-06-09 07:45:52	0
1396813882	BTCUSDT	30394.16	0.00050	2022-06-09 07:45:52	0
1396813883	BTCUSDT	30397.99	0.00164	2022-06-09 07:45:52	0
1396813884	BTCUSDT	30398.10	0.08732	2022-06-09 07:45:52	0
1396813885	BTCUSDT	30397.99	0.01575	2022-06-09 07:45:52	0
1396813886	BTCUSDT	30398.48	0.00066	2022-06-09 07:45:52	0
1396813887	BTCUSDT	30398.47	0.05603	2022-06-09 07:45:52	1
1396813888	BTCUSDT	30398.47	0.07155	2022-06-09 07:45:52	1
1396813889	BTCUSDT	30398.48	0.00657	2022-06-09 07:45:52	0
1396813890	BTCUSDT	30398.47	0.01717	2022-06-09 07:45:52	1
1396813891	BTCUSDT	30398.47	0.00065	2022-06-09 07:45:52	1
1396813892	BTCUSDT	30398.48	0.03822	2022-06-09 07:45:53	0
1396813893	BTCUSDT	30398.48	0.29842	2022-06-09 07:45:53	0
1396813894	BTCUSDT	30398.48	0.51539	2022-06-09 07:45:53	0
1396813895	BTCUSDT	30398.48	0.23461	2022-06-09 07:45:53	0
1396813896	BTCUSDT	30398.49	0.02000	2022-06-09 07:45:53	0
1396813897	BTCUSDT	30398.49	0.00244	2022-06-09 07:45:53	0
1396813898	BTCUSDT	30398.58	0.02479	2022-06-09 07:45:53	0
1396813899	BTCUSDT	30398.58	0.02546	2022-06-09 07:45:53	0
1396813900	BTCUSDT	30398.70	0.01080	2022-06-09 07:45:53	0
1396813901	BTCUSDT	30398.82	0.00900	2022-06-09 07:45:53	0
1396813902	BTCUSDT	30398.87	0.00140	2022-06-09 07:45:53	0
1396813903	BTCUSDT	30399.01	0.00227	2022-06-09 07:45:53	0
1396813904	BTCUSDT	30399.01	0.02538	2022-06-09 07:45:53	0
1396813905	BTCUSDT	30399.07	0.01694	2022-06-09 07:45:53	0
1396813906	BTCUSDT	30399.36	0.00161	2022-06-09 07:45:53	0
1396813907	BTCUSDT	30399.48	0.03035	2022-06-09 07:45:53	0
1396813908	BTCUSDT	30399.53	0.18332	2022-06-09 07:45:53	0
1396813909	BTCUSDT	30399.53	0.29405	2022-06-09 07:45:53	0
1396813910	BTCUSDT	30400.00	0.01656	2022-06-09 07:45:53	0
1396813911	BTCUSDT	30400.00	0.20999	2022-06-09 07:45:53	0
1396813912	BTCUSDT	30400.00	0.24572	2022-06-09 07:45:53	0
1396813913	BTCUSDT	30400.00	0.00040	2022-06-09 07:45:53	0
1396813914	BTCUSDT	30400.00	0.00150	2022-06-09 07:45:53	0
1396813915	BTCUSDT	30400.00	0.00105	2022-06-09 07:45:53	0
1396813916	BTCUSDT	30400.00	0.00448	2022-06-09 07:45:53	0
1396813917	BTCUSDT	30400.00	0.00828	2022-06-09 07:45:53	0
1396813918	BTCUSDT	30400.00	0.00137	2022-06-09 07:45:53	0
1396813919	BTCUSDT	30400.00	0.01067	2022-06-09 07:45:53	0
1396813920	BTCUSDT	30400.00	0.00336	2022-06-09 07:45:53	0
1396813921	BTCUSDT	30400.00	0.01591	2022-06-09 07:45:53	0
1396813922	BTCUSDT	30400.00	0.12710	2022-06-09 07:45:53	0
1396813923	BTCUSDT	30400.00	0.03962	2022-06-09 07:45:53	0
1396813924	BTCUSDT	30400.00	0.00118	2022-06-09 07:45:53	0
1396813925	BTCUSDT	30400.00	0.00473	2022-06-09 07:45:53	0
1396813926	BTCUSDT	30400.05	0.00451	2022-06-09 07:45:53	0
1396813927	BTCUSDT	30400.32	0.00511	2022-06-09 07:45:53	0
1396813928	BTCUSDT	30400.31	0.00048	2022-06-09 07:45:53	1
1396813929	BTCUSDT	30400.88	0.00171	2022-06-09 07:45:53	0
1396813930	BTCUSDT	30400.88	0.13029	2022-06-09 07:45:53	0
1396813931	BTCUSDT	30402.20	0.00230	2022-06-09 07:45:53	0
1396813932	BTCUSDT	30403.03	0.00046	2022-06-09 07:45:53	0
1396813933	BTCUSDT	30403.05	0.00069	2022-06-09 07:45:53	0
1396813934	BTCUSDT	30403.85	0.00840	2022-06-09 07:45:53	0
1396813935	BTCUSDT	30403.85	0.00042	2022-06-09 07:45:54	0
1396813936	BTCUSDT	30403.84	0.02512	2022-06-09 07:45:54	1
1396813937	BTCUSDT	30403.84	0.22488	2022-06-09 07:45:55	1
1396813938	BTCUSDT	30403.84	0.93618	2022-06-09 07:45:55	1
1396813939	BTCUSDT	30403.84	0.19262	2022-06-09 07:45:56	1
1396813940	BTCUSDT	30403.84	0.04000	2022-06-09 07:45:57	1
1396813941	BTCUSDT	30403.84	0.00310	2022-06-09 07:45:58	1
1396813942	BTCUSDT	30403.84	0.00338	2022-06-09 07:45:58	1
1396813943	BTCUSDT	30403.84	0.00338	2022-06-09 07:45:58	1
1396813944	BTCUSDT	30403.84	0.00338	2022-06-09 07:45:58	1
1396813945	BTCUSDT	30403.84	0.00659	2022-06-09 07:45:59	1
1396813946	BTCUSDT	30403.84	0.00159	2022-06-09 07:45:59	1
1396813947	BTCUSDT	30403.85	0.00048	2022-06-09 07:45:59	0
1396813948	BTCUSDT	30403.85	0.00075	2022-06-09 07:45:59	0
1396813949	BTCUSDT	30403.85	0.00108	2022-06-09 07:45:59	0
1396813950	BTCUSDT	30403.85	0.00086	2022-06-09 07:45:59	0
1396813951	BTCUSDT	30403.85	0.00098	2022-06-09 07:45:59	0
1396813952	BTCUSDT	30403.85	0.00054	2022-06-09 07:45:59	0
1396813953	BTCUSDT	30403.84	0.00081	2022-06-09 07:45:59	1
1396813954	BTCUSDT	30403.84	0.00140	2022-06-09 07:45:59	1
1396813955	BTCUSDT	30403.85	0.00278	2022-06-09 07:45:59	0
1396813956	BTCUSDT	30403.85	0.00065	2022-06-09 07:45:59	0
1396813957	BTCUSDT	30403.84	0.00140	2022-06-09 07:45:59	1
1396813958	BTCUSDT	30403.84	0.00227	2022-06-09 07:45:59	1
1396813959	BTCUSDT	30403.84	0.00282	2022-06-09 07:45:59	1
1396813960	BTCUSDT	30403.85	0.00331	2022-06-09 07:45:59	0
1396813961	BTCUSDT	30403.85	0.00080	2022-06-09 07:45:59	0
1396813962	BTCUSDT	30403.85	0.00106	2022-06-09 07:45:59	0
1396813963	BTCUSDT	30403.84	0.00134	2022-06-09 07:45:59	1
1396813964	BTCUSDT	30403.84	0.00154	2022-06-09 07:45:59	1
1396813965	BTCUSDT	30403.85	0.00113	2022-06-09 07:45:59	0
1396813966	BTCUSDT	30403.85	0.00076	2022-06-09 07:45:59	0
1396813967	BTCUSDT	30403.85	0.00101	2022-06-09 07:45:59	0
1396813968	BTCUSDT	30403.84	0.00056	2022-06-09 07:45:59	1
1396813969	BTCUSDT	30403.84	0.00085	2022-06-09 07:45:59	1
1396813970	BTCUSDT	30403.85	0.00136	2022-06-09 07:45:59	0
1396813971	BTCUSDT	30403.84	0.00078	2022-06-09 07:45:59	1
1396813972	BTCUSDT	30403.85	0.00128	2022-06-09 07:45:59	0
1396813973	BTCUSDT	30403.84	0.00218	2022-06-09 07:45:59	1
1396813974	BTCUSDT	30403.85	0.00156	2022-06-09 07:45:59	0
1396813975	BTCUSDT	30403.85	0.00048	2022-06-09 07:45:59	0
1396813976	BTCUSDT	30403.84	0.00069	2022-06-09 07:45:59	1
1396813977	BTCUSDT	30403.84	0.00177	2022-06-09 07:45:59	1
1396813978	BTCUSDT	30403.85	0.00057	2022-06-09 07:45:59	0
1396813979	BTCUSDT	30403.84	0.00157	2022-06-09 07:45:59	1
1396813980	BTCUSDT	30403.84	0.00068	2022-06-09 07:45:59	1
